,CASSGQGAYEQYF_TCRBV09_TCRBJ02,CASSPDRVGQETQYF_TCRBV05_TCRBJ02,CASSIEGNQPQHF_TCRBV28_TCRBJ01,CASSLAPGATNEKLFF_TCRBV07_TCRBJ01,CASSLGLKGTQYF_TCRBV12_TCRBJ02,CASSYGGLGSYEQYF_TCRBV06_TCRBJ02,CASSPDSGGTDTQYF_TCRBV07_TCRBJ02,CASSIGPLEHNEQFF_TCRBV19_TCRBJ02,CASSLEAEYEQYF_TCRBV07_TCRBJ02,CASSQNRGQETQYF_TCRBV14_TCRBJ02,CSVRDNYNQPQHF_TCRBV29_TCRBJ01,CASSLIGVSSYNEQFF_TCRBV07_TCRBJ02,CASSLVIGGDTEAFF_TCRBV05_TCRBJ01,CASSQTGGRNQPQHF_TCRBV12_TCRBJ01,CSVEEDEGIYGYTF_TCRBV29_TCRBJ01,CASSLRREKLFF_TCRBV05_TCRBJ01,CASSSPGRSGANVLTF_TCRBV28_TCRBJ02,CASSSDSGGTDTQYF_TCRBV07_TCRBJ02,CASSPGDEQYF_TCRBV25_TCRBJ02,CSASPGQGASYGYTF_TCRBV20_TCRBJ01,CASSAGQGVTYEQYF_TCRBV09_TCRBJ02,CASSLPSGLTDTQYF_TCRBV28_TCRBJ02,CASMGGASYEQYF_TCRBV27_TCRBJ02,CASSFPTSGQETQYF_TCRBV07_TCRBJ02,CASSLGGAGDTQYF_TCRBV12_TCRBJ02,CASSHRDRNYEQYF_TCRBV07_TCRBJ02,CATSRDTQGSYGYTF_TCRBV15_TCRBJ01,CATSRDSQGSYGYTF_TCRBV15_TCRBJ01,CASSIWGLDTEAFF_TCRBV19_TCRBJ01,CASSRNRGYEQYF_TCRBV12_TCRBJ02,CASSESPGNTEAFF_TCRBV10_TCRBJ01,CASSLGLHYEQYF_TCRBV28_TCRBJ02,CATSDGDEQFF_TCRBV24_TCRBJ02,CASSLGARETQYF_TCRBV11_TCRBJ02,CASSFGGAGDTQYF_TCRBV12_TCRBJ02,CASSLNRGQETQYF_TCRBV14_TCRBJ02,CASSAQGAYEQYF_TCRBV09_TCRBJ02,CASSPGTGTYGYTF_TCRBV10_TCRBJ01,CASSESGHRNQPQHF_TCRBV10_TCRBJ01,CASSVNRGSNQPQHF_TCRBV02_TCRBJ01,CASSLGQYYEQYF_TCRBV05_TCRBJ02,CASRGQGAGELFF_TCRBV02_TCRBJ02,CATSDGDTQYF_TCRBV24_TCRBJ02,CASSYSTVGETQYF_TCRBV06_TCRBJ02,CASSLDGGGTEAFF_TCRBV12_TCRBJ01,CASSQVPGQGDNEQFF_TCRBV14_TCRBJ02,CATSDSVTNTGELFF_TCRBV24_TCRBJ02,CASSTTGGDGYTF_TCRBV19_TCRBJ01,CSARRGPGELFF_TCRBV20_TCRBJ02,CASSPSTGTEAFF_TCRBV05_TCRBJ01,CASSISAGEAFF_TCRBV19_TCRBJ01,CASSLRGQSTDTQYF_TCRBV27_TCRBJ02,CASSSANYGYTF_TCRBV12_TCRBJ01,CATSDGETQYF_TCRBV24_TCRBJ02,CASSLDAGGSYNEQFF_TCRBV05_TCRBJ02,CASSSDRVGQETQYF_TCRBV05_TCRBJ02,CASSLGHRDSSYEQYF_TCRBV05_TCRBJ02,CASSPRGTYEQYF_TCRBV19_TCRBJ02,CASSPQDRVYGYTF_TCRBV27_TCRBJ01,CAISESGTGGGYTF_TCRBV10_TCRBJ01,CASSFHGFNQPQHF_TCRBV05_TCRBJ01,CASSQAQGNQPQHF_TCRBV04_TCRBJ01,CASSYSGGDNEQFF_TCRBV06_TCRBJ02,CASSQDLRGGNQPQHF_TCRBV04_TCRBJ01,CASSLVGGSEQYF_TCRBV05_TCRBJ02,CASSRTSGGAEDTQYF_TCRBV04_TCRBJ02,CSVRDNHNQPQHF_TCRBV29_TCRBJ01,CASNRDRGRYEQYF_TCRBV06_TCRBJ02,CASSWGQGTEQYF_TCRBV05_TCRBJ02,CASSYRTRQETQYF_TCRBV06_TCRBJ02,CASSQTNTGELFF_TCRBV03_TCRBJ02,CASSSRTSGGYEQYF_TCRBV05_TCRBJ02,CASSPRQGATDTQYF_TCRBV11_TCRBJ02,CASSPGDEQFF_TCRBV25_TCRBJ02,CSALGHSNQPQHF_TCRBV20_TCRBJ01,CASSGDRLYEQYF_TCRBV02_TCRBJ02,CASSMGQHSNQPQHF_TCRBV19_TCRBJ01,CASSGLAGPYEQYF_TCRBV27_TCRBJ02,CASSYPNQPQHF_TCRBV12_TCRBJ01,CASSLVASGRETQYF_TCRBV05_TCRBJ02,CASSLVLGNTGELFF_TCRBV05_TCRBJ02,CASKQGNTEAFF_TCRBV19_TCRBJ01,CASSLTGGRNQPQHF_TCRBV12_TCRBJ01,CSVEDYGYTF_TCRBV29_TCRBJ01,CSAPGRLNTEAFF_TCRBV20_TCRBJ01,CSARGAGGNYGYTF_TCRBV20_TCRBJ01,CASSLATGGAYNEQFF_TCRBV05_TCRBJ02,CASSESGDPSSYEQYF_TCRBV10_TCRBJ02,CASRDNNEQFF_TCRBV06_TCRBJ02,CASSRQGPQETQYF_TCRBV04_TCRBJ02,CSVEVRGTDTQYF_TCRBV29_TCRBJ02,CASSLEGQGHNEQFF_TCRBV05_TCRBJ02,CASRRDGSYEQYF_TCRBV27_TCRBJ02,CASSLEGQGFGYTF_TCRBV05_TCRBJ01,CSVRDNFNQPQHF_TCRBV29_TCRBJ01,CASSQRTSGAYNEQFF_TCRBV04_TCRBJ02,CASSPQRNTEAFF_TCRBV04_TCRBJ01,CASSLVAGGRETQYF_TCRBV05_TCRBJ02,CASSLAGAGGYTF_TCRBV05_TCRBJ01,CASSIDLSGELFF_TCRBV19_TCRBJ02,CASSRRDRGTEAFF_TCRBV03_TCRBJ01,CASSADSSNQPQHF_TCRBV09_TCRBJ01,CASSDSTGGNSPLHF_TCRBV06_TCRBJ01,CSASRQSNEKLFF_TCRBV20_TCRBJ01,CASSPGQGGLNTEAFF_TCRBV05_TCRBJ01,CASSSNRGLNEKLFF_TCRBV05_TCRBJ01,CASSWGRGTDTQYF_TCRBV07_TCRBJ02,CASSPRWQETQYF_TCRBV27_TCRBJ02,CASSLDGTGANVLTF_TCRBV05_TCRBJ02,CASSQGTSGGYEQYF_TCRBV03_TCRBJ02,CASSPGGTQYF_TCRBV12_TCRBJ02,CSARAPGQPQHF_TCRBV20_TCRBJ01,CASSPGQANYGYTF_TCRBV28_TCRBJ01,CATSREGSGYEQYF_TCRBV15_TCRBJ02,CASSLGLANEQFF_TCRBV06_TCRBJ02,CASSLEGGEGYTF_TCRBV07_TCRBJ01,CASSQDRLAGTDTQYF_TCRBV03_TCRBJ02,CASSSGLAGGPYEQYF_TCRBV05_TCRBJ02,CASSYSTAGELFF_TCRBV06_TCRBJ02,CASSQEGSQETQYF_TCRBV04_TCRBJ02,CASSSPQETQYF_TCRBV28_TCRBJ02,CASSRDRATNEKLFF_TCRBV06_TCRBJ01,CASSFSLNTEAFF_TCRBV11_TCRBJ01,CSADRGNQPQHF_TCRBV20_TCRBJ01,CASSLEQYGYTF_TCRBV05_TCRBJ01,CASSQSGNTGELFF_TCRBV03_TCRBJ02
CASSGQGAYEQYF_TCRBV09_TCRBJ02,1.0,0.0839509880465081,0.10865541592073841,0.07523866569617091,0.07959434782551465,0.009764896832550215,0.0592222909751888,0.0977428498214941,-0.02045921516639835,0.47688014478181767,-0.00911861426088002,-0.006046108997681173,-0.032087224129426065,0.0592222909751888,-0.07147374508058801,0.3901859489820509,0.0977428498214941,0.0977428498214941,0.0112293565328901,0.02831112518069296,0.10373154939830989,0.11431847748026548,-0.051329753464649006,0.11431847748026548,-0.032146682168491314,0.0798271007362914,0.0798271007362914,0.06387899888022844,0.1136222954274508,0.10326382138824833,-0.028151540556002396,0.07244679612088159,0.10110934331878928,-0.0017735158734592871,0.12421631610181909,0.3963978920796162,0.3982876036350522,0.0441946182142505,-0.06106426203188167,0.009108324798873106,-0.046181697643463006,0.09495588024994774,0.11354621016266235,-0.02660747099014896,0.18796252181820894,0.06024140450819615,-0.003619154146810234,-0.05812833926117096,-0.00460354956044404,0.04468768101030207,0.015165746816298167,-0.02372171497382992,0.030538293783559524,0.029063372266462873,-0.06027637837063767,0.05034210391405705,0.3413553756814463,0.05034210391405705,0.013965444943133397,-0.02241121402779026,-0.058787872998713915,-0.07404987940587814,-0.07404987940587814,0.038195844458014404,-0.05620490902228086,0.03324265224173649,0.03324265224173649,0.0990065971828933,0.03324265224173649,0.0003606797711580812,-0.06668983512853839,-0.0028617028942727342,-0.05592446503553326,0.007475750474280165,0.0798271007362914,0.0798271007362914,0.01930676240953964,-0.03844168069587454,-0.06950165017983816,0.020889149093551253,-0.006046108997681173,-0.08454803877963209,-0.027701679816098945,0.025975719017042896,-0.007113610713644974,0.00658466376644839,0.09487775159674364,0.01922450068796992,-0.018602124766416938,-0.018602124766416938,-0.018602124766416938,0.09487775159674364,0.05705112614235678,-0.018602124766416938,-0.05642875022080379,0.09319691395863527,0.06443237561853232,0.11294818984540383,-0.042654019742495386,0.02831112518069296,-0.08245584610616352,-0.05592446503553326,-0.03153885375945093,-0.029338471374295367,0.1063752186192739,0.03851837362248927,0.07244679612088159,0.00458995112409695,-0.06703681260745785,-0.046701028377474293,0.10196401823270373,0.0112293565328901,-0.052312089446203185,0.054738227756016326,0.054738227756016326,0.023678258272052707,0.05296104709211653,-0.03529391942543942,-0.01893924087083256,-0.007947124431078197,-0.03058815080503535,-0.07587020355294966,0.007337186896859182,-0.04096244852358247,-0.03723060651142199,-0.08751490715771292
CASSPDRVGQETQYF_TCRBV05_TCRBJ02,0.0839509880465081,1.0,-0.050686102266424234,0.08246877743456468,0.01467500441592456,0.053255225669018774,0.12608174677140194,0.03765089812586655,-0.022707696808564472,0.09674508076752068,0.05907991409148238,0.023834689716205653,0.062180499347865924,0.12608174677140194,0.08879098163230667,0.13015255881799034,0.03765089812586655,-0.004813104502688095,-0.004813104502688095,0.05165926201249159,0.12779146830656216,0.11304094350553265,0.0723878231258309,0.0723878231258309,-0.04114785600289682,0.13334939168081286,-0.0448842485132119,-0.006908543895964006,-0.054957814747898154,-0.05178081383343334,-0.06091368807327234,0.060189410536940186,0.10172273496958162,0.06863075475677809,-0.03636670573839127,0.04782644070369317,0.09580134721750791,0.06498257804563146,0.16831243325191172,-0.0383472771606488,-0.028661734035374593,0.11484594616338077,0.08367337901719075,-0.050686102266424234,0.05165926201249159,0.004641597585148994,0.05165926201249159,0.17721792824284674,-0.037591383280141034,0.084320116836606,0.12779146830656216,0.2350003046446379,0.03759540540469166,0.028328683794077075,-0.016250419260594222,0.28447227977521905,0.17734227148809698,-0.03691774508614719,0.07021226320097489,0.016647259057413853,0.016647259057413853,-0.0271208002679174,-0.06091368807327234,0.09313048410481263,-0.0434302519472989,0.34628024444794536,0.007346947926681867,-0.04107209443349863,-0.04107209443349863,0.007346947926681867,-0.05458870739817468,0.06542237996058613,0.10449011122525928,0.03461863754461084,0.17790780172931905,0.04423257158380048,0.04423257158380048,0.0020903164643222543,-0.043645807775048666,0.008582585901614601,-0.014511119915454618,0.027557969949137576,0.08246877743456468,0.12734593355720414,-0.008479652518473385,0.01467500441592456,0.020263837008028137,0.020263837008028137,0.020263837008028137,-0.03543625768238086,0.020263837008028137,0.020263837008028137,0.13166402638884614,-0.03543625768238086,0.020263837008028137,0.09674508076752068,0.027557969949137576,0.16604510136278813,-0.0359721308212225,-0.0423760668421936,-0.012713082568760185,-0.05178081383343334,-0.025437689456843156,0.010229459757416239,0.11014936131646413,0.060189410536940186,0.010229459757416239,0.060189410536940186,-0.037591383280141034,-0.05898009852773512,0.07302243342119374,0.0801149007544212,0.01823968287199648,0.0935625649430641,0.13929868918243501,0.0935625649430641,-0.031241790460819676,0.06622546837226985,-0.07338452119090381,-0.028524167075434807,-0.06186331107172293,-0.028524167075434807,0.12353616074382566,-0.05736730770190581,-0.054957814747898154,-0.054957814747898154
CASSIEGNQPQHF_TCRBV28_TCRBJ01,0.10865541592073841,-0.050686102266424234,1.0,0.16958463658736037,0.10521161604271147,0.22816028505848726,0.06881949230139497,0.0036518209085072304,0.1019072378081086,0.033596562157919736,0.23962032337296565,0.11994295598809072,0.077993597340082,0.06881949230139497,0.15434681093251415,0.031245918171565572,0.18947005690417748,0.050106379907424795,0.050106379907424795,0.013070612500287146,0.005825028196954849,-0.00040652192885956567,-0.00040652192885956567,-0.044880020946096055,0.0982841344516592,-0.04063634283211689,0.00810944560904087,0.0015779968922006891,0.15274959523208478,-0.004141085033777799,-0.018180158852711646,0.0733395344776691,0.12312765881798468,0.05782442672220493,0.14240537188651717,0.010519068578892267,0.08189238502037295,0.07832224329747504,0.021802102026078143,0.021802102026078143,-0.08866277699076587,0.022666399086040206,0.04709766364131436,-0.045889101338432124,0.11594291520038887,0.064506763850338,0.013070612500287146,0.077993597340082,-0.02825362169569896,0.19605132215124155,0.1009381751740982,0.044066977088376924,-0.02454681269810563,0.002298895001671849,-0.007608190085089447,-0.03342380001010341,0.025174977571712505,0.08377375515352842,0.2595700878989762,-0.03342380001010341,0.08377375515352842,-0.05514873466101376,-0.018180158852711646,0.15274959523208478,-0.06567781608589479,-0.03718497614461443,0.22766114301038679,0.1217226953483863,0.17469191917938653,0.06875347151738606,-0.040843395038394584,-0.04688020792956,-0.004141085033777799,0.04700769689397842,0.10560102249135639,0.00810944560904087,0.10560102249135639,-0.03951510979201269,-0.03951510979201269,0.13316123239957156,-0.04785447860394412,-0.06017010819494912,-0.02940598811042895,0.05867258307297218,0.003759116005869268,0.026804594277911504,-0.03208252256790249,0.08978650413100489,0.0288519907815512,0.0288519907815512,0.08978650413100489,0.0288519907815512,0.08978650413100489,-0.03208252256790249,0.08978650413100489,-0.04881294232809863,0.11125202296461946,0.01629694126500214,-0.01994401148972481,-0.03836553884976371,-0.04688020792956,-0.04688020792956,-0.030253590703437395,0.01868459529608191,0.0733395344776691,0.01868459529608191,-0.03597034388550528,0.0733395344776691,-0.06177798409818775,-0.015365871773051796,0.06171851511617773,0.09656093890634236,-0.03165283604999055,-0.03951510979201269,0.11058742532070218,0.11058742532070218,0.048927447637685965,0.048927447637685965,-0.06643931135009479,-0.05600848406096066,-0.01953629265459699,-0.05600848406096066,0.06588795572873937,-0.018962003123063183,-0.049756533202113894,-0.009255307515274163
CASSLAPGATNEKLFF_TCRBV07_TCRBJ01,0.07523866569617091,0.08246877743456468,0.16958463658736037,1.0,0.0788156482940621,-0.0691119391538321,-0.008479652518473385,-0.023009012631570337,-0.012836384197501228,0.02751745009145362,0.12159273259161069,-0.03332583782780792,-0.0014007357405733628,0.20373335070528212,-0.018311356015117197,-0.006198412781058202,0.1537596658722074,0.0830521944706963,-0.023009012631570337,0.10426718779179284,0.051675088897811354,0.00649696072727208,0.1757273187185972,0.00649696072727208,0.11032150248882157,-0.018311356015117197,0.1300784475444251,0.14764962569043286,0.08627063607091007,0.03365593647904536,-0.047062333489480565,-0.007452039255815872,-0.022737601795262113,0.1224532857953578,0.07163761045233731,0.06035392417265359,0.10720976377399719,0.03868904274343694,0.12471711746156702,0.03868904274343694,-0.0632234562112061,0.1008543875930321,0.06045436789382455,-0.06257109222672717,-0.013167578966156406,0.06512226553914309,0.06512226553914309,0.062449468433895754,-0.03320933379228419,0.12405991252675581,0.015482677083339126,0.07418910392380212,0.03778153969067737,-0.0367405285709537,-0.0038409774085987345,0.04361762168483358,0.08821358254764473,0.1328095434104559,0.1328095434104559,0.04361762168483358,-0.04557430004078873,-0.018927801884293823,-0.018927801884293823,0.11709365235489949,-0.04107677195933928,0.15085548129693943,0.11054383094548566,0.11054383094548566,-0.010391120108875652,-0.05070277046032942,-0.00993423351296482,0.06618208003741606,0.06618208003741606,0.00935451395641441,0.05588354576465396,0.018786094874768382,0.05588354576465396,-0.015802007828364894,-0.015802007828364894,0.040108674922359304,-0.06525093991504248,-0.0559518616073511,0.11660206718346253,0.10366909188616598,-0.03483757844222961,0.0788156482940621,0.04900166403490612,0.04900166403490612,0.04900166403490612,0.0026281169292077674,0.14174875824630281,0.09537521114060446,0.04900166403490612,0.04900166403490612,0.04900166403490612,0.09023430509155833,-0.0559518616073511,-0.04789414995602939,0.0029880966043140853,-0.05231250121880615,-0.03139635063769603,-0.03139635063769603,-0.08332092483898826,0.07573705202849601,0.03414250638634007,0.03414250638634007,-0.007452039255815872,0.15892614331280788,-0.08423603487200176,-0.07280988317314385,0.055876817088162715,0.11840593017145185,-0.03800916984559563,0.09843189017316283,0.06035392417265359,0.022275958172144346,0.00247249008240649,0.029521531583933492,0.005442535840332633,0.03465789686445933,-0.0763691578052874,-0.04861239413785072,0.004418607999984492,-0.014192017770788365,-0.06784444534903705,0.024624603502931223
CASSLGLKGTQYF_TCRBV12_TCRBJ02,0.07959434782551465,0.01467500441592456,0.10521161604271147,0.0788156482940621,1.0,0.08634667776869898,-0.056996668936849855,-0.006341174054880713,0.010411954256075596,0.05631337688220506,0.2416528302791134,0.17261394204965314,0.1348762017214516,0.12218251444508618,0.08585978767808408,0.12622361695998008,0.07724008396969156,-0.04813180306716685,0.07724008396969156,-0.0431421596576852,-0.004145239856593723,0.02954921205623275,0.14957460063117814,0.02954921205623275,0.07399216911152119,-0.0018438609865508253,0.08585978767808408,0.11416328665431968,0.08978862040213888,0.024179498432405813,-0.06201491200167065,0.00871895406609773,0.033212017791336056,0.03690675262889564,0.14488825897017582,0.09059773318857661,0.06050687092758906,0.06265076455873433,0.11349641472732139,0.01180511439014727,-0.09970154975818661,0.11102322915387751,-0.027139697115987575,-0.05160242748688846,0.0494020024315454,0.0494020024315454,0.0494020024315454,-0.016074759591354588,0.05116485445445532,0.081418767749322,0.03863676394636414,0.02954921205623275,0.009373740578435555,0.024339843468177445,-0.05489029515593995,0.015130436207728715,0.015130436207728715,0.17327722485029445,0.015130436207728715,0.015130436207728715,0.0678460324219173,-0.06201491200167065,-0.06201491200167065,0.08978862040213888,-0.04520338583624006,0.10113909633857127,0.14879033294253208,0.053487859734610475,0.14879033294253208,0.005836623130649677,-0.03473791553691173,0.06262771250951622,0.024179498432405813,0.19590061361755642,0.12971161201040154,0.04200796334576663,0.08585978767808408,-0.04443485551483321,-0.04443485551483321,0.04013622847333079,-0.05381249991955613,-0.06766146109746807,-0.04052597002248314,0.03240568799203073,-0.07036137460161945,0.047775628626692455,0.018739939893404497,0.07355676942117059,-0.0360768896343616,0.018739939893404497,0.018739939893404497,0.07355676942117059,0.018739939893404497,-0.0360768896343616,0.12837359894893668,0.05631337688220506,0.11739263500410711,-0.04972411289506716,0.02697272546158224,-0.0431421596576852,-0.052716929721815,-0.052716929721815,-0.0706625961541909,0.20538979423745687,-0.04044875597674205,0.15622208419461708,0.10705437415177729,0.00871895406609773,-0.06946952221186821,-0.025832447121437414,-0.04520338583624006,-0.006341174054880713,-0.04289943090003719,0.045586870287440004,0.09059773318857661,0.0005760073863033935,0.09498641928429763,0.031038639163053564,-0.046331319451557,-0.030171234719275006,-0.030171234719275006,-0.030171234719275006,0.04220458441465235,0.006250663375469765,-0.019516369271384785,0.016918627286456434
CASSYGGLGSYEQYF_TCRBV06_TCRBJ02,0.009764896832550215,0.053255225669018774,0.22816028505848726,-0.0691119391538321,0.08634667776869898,1.0,0.16249500732259353,0.03765089812586655,0.08315403746090796,0.05907991409148238,0.2097405807956356,0.062180499347865924,0.062180499347865924,0.053255225669018774,0.13334939168081286,0.05610840939163494,0.1650429060115305,-0.004813104502688095,0.12257890338297583,0.05165926201249159,-0.002622586103306313,-0.008918417633572595,-0.008918417633572595,0.11304094350553265,0.04793345230944313,0.08879098163230667,-0.0448842485132119,-0.04843572533653885,0.05610840939163494,-0.05178081383343334,-0.06091368807327234,0.060189410536940186,0.035912757407948095,0.0400607221449382,0.025603973510518466,0.04782644070369317,-0.00046932686940603994,0.06498257804563146,0.11664750564877159,0.01331765044249133,-0.07484131729708271,0.045315528286934414,0.029412159903493846,-0.010850904077151165,-0.0423760668421936,0.05165926201249159,0.09867692643983418,0.10052630897952619,0.11563131906141744,0.084320116836606,0.04084876536664984,-0.008918417633572595,0.13778876353558733,0.028328683794077075,-0.053915585936632524,0.17734227148809698,0.12377726734453592,0.016647259057413853,0.17734227148809698,-0.03691774508614719,0.12377726734453592,-0.06091368807327234,-0.06091368807327234,0.01908633467845724,-0.01431708060517574,0.007346947926681867,0.20102311736740386,0.05576599028686236,0.05576599028686236,0.007346947926681867,-0.03184687727875233,-0.05178081383343334,-0.012713082568760185,0.07614581898518569,0.04423257158380048,0.08879098163230667,0.04423257158380048,-0.043645807775048666,-0.043645807775048666,0.008582585901614601,-0.014511119915454618,-0.06645996910810725,0.05215263411688533,0.01363678296009238,-0.008479652518473385,-0.02116083226046265,-0.03543625768238086,0.020263837008028137,0.020263837008028137,0.07596393169843714,0.07596393169843714,0.07596393169843714,0.020263837008028137,0.07596393169843714,0.13166402638884614,0.02141474741544408,0.0902365959873008,0.08094163877628534,-0.0359721308212225,-0.0423760668421936,-0.05178081383343334,-0.05178081383343334,-0.046713555103468855,0.060189410536940186,0.010229459757416239,0.010229459757416239,0.010229459757416239,0.060189410536940186,-0.06823592374845273,-0.05898009852773512,-0.01431708060517574,-0.004813104502688095,-0.01145408656545017,-0.043645807775048666,0.13929868918243501,0.04782644070369317,-0.031241790460819676,0.03373638209457334,-0.07338452119090381,-0.06186331107172293,-0.028524167075434807,-0.028524167075434807,0.045775194199668426,-0.03495308104980404,-0.054957814747898154,-0.054957814747898154
CASSPDSGGTDTQYF_TCRBV07_TCRBJ02,0.0592222909751888,0.12608174677140194,0.06881949230139497,-0.008479652518473385,-0.056996668936849855,0.16249500732259353,1.0,0.0801149007544212,0.047866792704417155,-0.016250419260594222,0.05907991409148238,0.023834689716205653,0.10052630897952619,0.08966848622021036,0.13334939168081286,0.01908633467845724,-0.004813104502688095,0.2924349138971944,0.0801149007544212,0.004641597585148994,0.084320116836606,0.0723878231258309,0.031734702746129155,-0.008918417633572595,-0.04114785600289682,0.04423257158380048,-0.0448842485132119,-0.006908543895964006,0.09313048410481263,-0.012713082568760185,-0.06091368807327234,0.11014936131646413,0.10172273496958162,0.09720078736861798,-0.03636670573839127,0.0020903164643222543,0.06371112252186992,0.11664750564877159,0.06498257804563146,0.01331765044249133,-0.07484131729708271,0.045315528286934414,0.08367337901719075,-0.010850904077151165,0.09867692643983418,0.05165926201249159,0.004641597585148994,0.023834689716205653,-0.006946842811829342,-0.002622586103306313,0.04084876536664984,0.19434718426493616,0.0876920844701395,0.07253921171236569,-0.053915585936632524,0.016647259057413853,0.016647259057413853,0.016647259057413853,0.016647259057413853,0.016647259057413853,0.016647259057413853,-0.06091368807327234,-0.06091368807327234,0.05610840939163494,0.01479609073694742,0.05576599028686236,0.05576599028686236,0.007346947926681867,-0.04107209443349863,0.05576599028686236,-0.07733053751759704,-0.05178081383343334,-0.012713082568760185,0.03461863754461084,-0.0003258384647057125,-0.0003258384647057125,0.08879098163230667,-0.043645807775048666,-0.043645807775048666,0.07711797988969032,-0.05285692954711489,-0.03512065608902564,0.021836490799205972,0.08186227331835944,-0.0691119391538321,0.08634667776869898,0.07596393169843714,0.020263837008028137,0.07596393169843714,0.07596393169843714,0.020263837008028137,0.07596393169843714,0.020263837008028137,0.020263837008028137,0.07596393169843714,-0.053915585936632524,-0.003781343069944033,0.08094163877628534,-0.058281377486992005,-0.0423760668421936,-0.05178081383343334,-0.05178081383343334,-0.0041618238102174585,0.060189410536940186,0.010229459757416239,-0.03973049102210771,-0.03973049102210771,0.060189410536940186,-0.006946842811829342,-0.05898009852773512,0.04390926207907058,0.0801149007544212,-0.07084162544034348,0.0935625649430641,0.0020903164643222543,0.04782644070369317,0.06622546837226985,0.09871455464996635,-0.07338452119090381,-0.028524167075434807,-0.06186331107172293,-0.06186331107172293,-0.006065450163103063,-0.05736730770190581,-0.054957814747898154,-0.017935740034720458
CASSIGPLEHNEQFF_TCRBV19_TCRBJ02,0.0977428498214941,0.03765089812586655,0.0036518209085072304,-0.023009012631570337,-0.006341174054880713,0.03765089812586655,0.0801149007544212,1.0,0.07447782364635828,0.13016581486994425,-0.0016059940144348456,-0.044635929978918805,0.08951711232035914,-0.004813104502688095,0.014059356203077172,0.039937907134165236,0.059116422234292955,0.059116422234292955,-0.039923954372623575,0.18353691577093664,0.265244754819635,0.005546868792331488,0.052955263001789675,-0.0418615254171267,0.009432474363534366,0.014059356203077172,0.11798459732582328,0.0559530244682544,-0.0032360754792505426,0.04739194044806032,-0.012031390162313898,0.02471064148475569,0.29232050519207586,0.003959115081708706,-0.020742444744286194,0.06981462575356437,0.020250628294035525,0.08811702887234377,-0.03238300811058634,0.027867010380878715,-0.08269958467732927,0.11236164226420133,0.40777697648833977,-0.04280273809041033,0.019045338064706697,0.12870638986886,0.019045338064706697,-0.044635929978918805,0.049587124203913334,0.011770120147482056,0.11315997401634323,0.005546868792331488,-0.015593220710357309,0.2728181677040471,-0.045529930309227876,0.1562216689916981,0.031290012648921985,-0.031175815522466066,0.031290012648921985,0.09375584082031004,0.09375584082031004,-0.051439596262827084,-0.012031390162313898,-0.0032360754792505426,-0.06126052326765269,0.021780742666708795,-0.034684026237033906,-0.034684026237033906,-0.034684026237033906,0.021780742666708795,-0.03146618856453479,0.0018323773108213127,-0.04372718582641769,0.007525327657913962,0.06602197676445024,0.014059356203077172,0.06602197676445024,-0.0368574420877756,-0.0368574420877756,0.10921948987733389,-0.044635929978918805,-0.01957632315888456,0.0830521944706963,0.07461704807522196,-0.023009012631570337,0.03544945495740543,-0.029924748376005735,-0.029924748376005735,0.16494236307250779,0.03503095544016544,0.03503095544016544,-0.029924748376005735,0.09998665925633662,0.22989806688867898,-0.029924748376005735,-0.0016059940144348456,-0.01957632315888456,0.1299528769437601,-0.034862852064769356,-0.035785187837369954,0.0018323773108213127,-0.04372718582641769,-0.043725854580727655,0.02471064148475569,0.02471064148475569,0.02471064148475569,0.02471064148475569,0.02471064148475569,-0.021886280116351735,-0.0498067438004903,-0.027309655762682048,0.15815679884120948,-0.05982341123181192,0.016478591832894383,-0.0368574420877756,0.06981462575356437,0.09773239559419038,0.1356201492370126,0.03891618856610037,-0.05224152149814422,-0.013362457199525325,-0.05224152149814422,-0.04056117135102981,-0.06016217413320475,-0.04641005809266632,-0.04641005809266632
CASSLEAEYEQYF_TCRBV07_TCRBJ02,-0.02045921516639835,-0.022707696808564472,0.1019072378081086,-0.012836384197501228,0.010411954256075596,0.08315403746090796,0.047866792704417155,0.07447782364635828,1.0,-0.019351237640686893,0.0901500760433379,0.09388512950451366,0.3168453285159564,0.012579547947926342,0.47167021264778736,-0.021054097998789545,-0.048974811306847714,0.033326945328622945,0.15677958028182895,0.04722967593328467,0.12075915214977224,0.10623234323185263,0.027440354421244647,0.027440354421244647,0.0417166450446291,-0.04649602598318774,-0.00331550609727315,-0.009932008410583271,0.050700366831976075,0.173517539375969,-0.06310107704160355,0.10408788363324635,0.03060496627200683,0.0615481729970303,-0.00971628805876602,0.04343051741271149,-0.06697132683282257,0.11047752849113515,0.010342966627587631,0.010342966627587631,-0.07907199978093296,0.006282259479818634,0.10209040308450874,-0.052506222250161216,0.04722967593328467,0.22948458059294405,0.1839208544280292,-0.0175949700012077,0.01840448486541046,0.2050133054991669,-0.005622077874319753,0.06683634882654864,0.07912270741256773,0.10616859681864907,-0.019351237640686893,0.013665152720673203,-0.038243448239106255,0.06557375368045266,-0.038243448239106255,-0.038243448239106255,0.2732081575195705,-0.03035317463006926,-0.06310107704160355,0.050700366831976075,0.009490261822460646,0.0043747901589129695,0.14514009703687736,-0.04254697880040849,0.0043747901589129695,0.14514009703687736,-0.015511614226550303,-0.0536402445218891,0.02207901677739693,0.11079707160250672,0.08304553367455604,-0.00331550609727315,0.12622605356047062,-0.04521311327666607,-0.0008912979319772881,0.2699745974486317,-0.0175949700012077,-0.03847632297066005,0.07529962612927499,0.09468128164257976,-0.012836384197501228,0.010411954256075596,0.0712465740546785,0.017268906453696314,0.0712465740546785,0.12522424165566068,0.0712465740546785,0.017268906453696314,0.0712465740546785,0.0712465740546785,0.017268906453696314,0.0901500760433379,0.11337467749796223,0.27723034855036693,-0.0417368509421105,-0.04389777639654501,-0.0536402445218891,-0.0536402445218891,0.05043293084437674,0.05567285612696595,0.0072578286206855455,0.0072578286206855455,0.05567285612696595,0.05567285612696595,-0.07068625160697468,-0.06109805298019691,0.06591605765817775,-0.007823932989112384,-0.07338552312390619,-0.04521311327666607,0.08775233275740027,0.04343051741271149,-0.0030505926657133156,0.2803091751325254,-0.07601973336039457,-0.06408480066565386,0.000531578991696668,-0.0317766108369786,0.08899488021582534,-0.08414446832955906,-0.021054097998789545,-0.021054097998789545
CASSQNRGQETQYF_TCRBV14_TCRBJ02,0.47688014478181767,0.09674508076752068,0.033596562157919736,0.02751745009145362,0.05631337688220506,0.05907991409148238,-0.016250419260594222,0.13016581486994425,-0.019351237640686893,1.0,0.06495726495726496,0.06808892895396297,-0.011239386568545538,0.05907991409148238,-0.04322550237931372,0.25343250835221065,0.17408975116473727,0.042317942280358185,-0.0016059940144348456,0.056458297246187686,0.04554135052039452,0.2466159970473713,0.036362022008543216,0.07841281701630883,-0.03750894016632426,0.048955198601133086,-0.04322550237931372,-0.0036908237954211462,0.10025285965755958,0.11177640004486827,-0.05866255659753251,0.06509299019911657,0.10970010871045176,-0.012371980221592398,0.03128891592903608,0.43105272128170696,0.4024484639837556,0.016511081775471562,-0.036930111900167165,0.016511081775471562,-0.02266106780031661,-0.02083997072925314,0.17638368934599205,-0.007608190085089447,0.056458297246187686,0.056458297246187686,0.007824141980574042,-0.050903544329799794,0.061078269332720925,0.04554135052039452,0.04554135052039452,-0.005688772999222405,0.09695936951639472,0.059608504941023155,-0.051923076923076926,0.13066637766037834,0.24147956925762942,0.13066637766037834,0.019853186063127252,-0.035553409735498295,-0.035553409735498295,-0.023707852393991896,-0.05866255659753251,0.061957947483896804,-0.009634308830927824,0.06061319595410887,0.010529482680849727,0.010529482680849727,0.010529482680849727,0.010529482680849727,-0.04932667339881424,-0.009456298219261824,-0.009456298219261824,-0.0036908237954211462,0.09504554909135648,0.14113589958157988,0.0028648481109096813,0.005275725521305001,-0.042032829563184104,0.04860032573556022,-0.011239386568545538,0.0008296797806787615,-0.0038409774085987345,-0.0022792621535633432,-0.03519940490865109,0.09338126756158673,0.13871860317449364,-0.03412667230716472,0.023488419520054732,0.023488419520054732,0.023488419520054732,0.08110351134727418,0.023488419520054732,-0.03412667230716472,-0.03412667230716472,0.06495726495726496,0.06566322835657627,0.0696027407027144,-0.02986834517582672,-0.0408100132850396,-0.009456298219261824,-0.04986719764063852,-0.06244130264197268,-0.03826220759164327,0.06509299019911657,0.11677058909449649,0.06509299019911657,-0.03826220759164327,-0.03401607599459885,-0.056800424952917074,0.05059388466070098,-0.045529930309227876,-0.006794284072043765,0.052584280605794106,0.14720139077477232,0.052584280605794106,0.10665475363656178,0.07304867630983407,0.018813285652456335,-0.025091724791894098,-0.05957708524708523,0.009393635663297036,-0.027105568803454407,-0.028864488753529476,-0.05292678903709151,-0.05292678903709151
CSVRDNYNQPQHF_TCRBV29_TCRBJ01,-0.00911861426088002,0.05907991409148238,0.23962032337296565,0.12159273259161069,0.2416528302791134,0.2097405807956356,0.05907991409148238,-0.0016059940144348456,0.0901500760433379,0.06495726495726496,1.0,0.10775308671521723,0.06808892895396297,0.13441024744355898,0.09504554909135648,-0.014631876863428737,0.2180136874595303,0.042317942280358185,0.042317942280358185,0.056458297246187686,0.04554135052039452,0.12046361202407445,0.16251440703184006,-0.005688772999222405,0.1467789963993587,0.0028648481109096813,-0.04322550237931372,-0.0036908237954211462,0.10025285965755958,-0.04986719764063852,-0.023707852393991896,0.06509299019911657,-0.026445006353909242,0.10583715831484501,0.03128891592903608,0.052584280605794106,0.07051343714552533,0.0699522754511103,0.2837170501536652,0.0699522754511103,-0.046544698025313115,0.051080937718074725,0.03606682187615835,-0.04881294232809863,0.056458297246187686,0.056458297246187686,0.007824141980574042,0.06808892895396297,-0.03401607599459885,0.04554135052039452,-0.04439048606681054,-0.047739568006988024,-0.03258820040414244,0.03674325094190698,-0.051923076923076926,0.019853186063127252,0.07525978186175279,0.1860729734590039,0.07525978186175279,0.07525978186175279,0.13066637766037834,-0.05866255659753251,-0.023707852393991896,0.13854777183122235,-0.06986250232255663,-0.03955423059240941,0.21086433577388627,0.16078062250062714,0.06061319595410887,0.06061319595410887,-0.04932667339881424,0.030954601202114875,0.07136550062349158,0.08221898965544554,0.048955198601133086,0.0028648481109096813,0.09504554909135648,0.005275725521305001,-0.042032829563184104,0.013154488165758298,-0.050903544329799794,0.033246454068627515,0.058875877591505976,0.021244443469062107,-0.03519940490865109,0.01924548620282339,0.08110351134727418,0.1963336950017131,0.023488419520054732,-0.03412667230716472,0.13871860317449364,0.023488419520054732,-0.03412667230716472,-0.03412667230716472,0.25394878682893257,-0.012962962962962963,0.13049677693247377,0.003580719030370856,-0.02986834517582672,-0.0408100132850396,-0.04986719764063852,-0.009456298219261824,-0.040433962084524835,0.06509299019911657,0.06509299019911657,0.06509299019911657,0.06509299019911657,0.11677058909449649,-0.03401607599459885,-0.056800424952917074,0.05059388466070098,0.08624187857515121,-0.06822359626060476,0.14720139077477232,0.052584280605794106,0.052584280605794106,0.07304867630983407,0.07304867630983407,-0.011015315077670087,0.009393635663297036,-0.025091724791894098,-0.05957708524708523,0.08014033452739232,0.017505189214695557,-0.05292678903709151,-0.014631876863428737
CASSLIGVSSYNEQFF_TCRBV07_TCRBJ02,-0.006046108997681173,0.023834689716205653,0.11994295598809072,-0.03332583782780792,0.17261394204965314,0.062180499347865924,0.023834689716205653,-0.044635929978918805,0.09388512950451366,0.06808892895396297,0.10775308671521723,1.0,0.1520005905802451,-0.014511119915454618,0.051469737463000285,0.02608632226523754,0.08951711232035914,0.08951711232035914,0.31310551615248905,-0.04000869061423928,0.04803812537909429,0.08162989000423068,0.038819199848608266,0.038819199848608266,0.05819479288903174,0.0045464934758983585,0.0045464934758983585,-0.0019986809859968107,0.18203406302026415,0.07453544745931266,-0.057510691338377044,0.06771200563601182,0.04466032517801552,0.02018588604560744,0.09955970801696018,0.05511942888326193,-0.027244720968166197,0.018201950616046382,0.07260887404215223,0.18142272089436393,-0.06814487283580135,-0.019074831958785878,0.011020797524036759,-0.005905119955935413,0.059017344525981924,-0.04000869061423928,0.059017344525981924,0.03085781780599439,0.1614726331874398,0.0022596330753232507,0.13959510998663638,0.08162989000423068,0.049138754275429554,-0.028640578525933595,-0.011239386568545538,0.02155253930633691,-0.03485530280163577,0.13436822352228228,0.02155253930633691,0.02155253930633691,0.0779603814143096,-0.057510691338377044,-0.057510691338377044,-0.01290061292351911,-0.06849072117269782,-0.03877756577050943,0.11418874535787031,0.06319997498174373,0.06319997498174373,0.012211204605617152,-0.07053293700371288,0.07453544745931266,0.07453544745931266,0.30411929882927474,0.051469737463000285,0.19223946942430606,0.09839298145010221,-0.04120749635362074,-0.04120749635362074,0.12382838464736784,-0.04990403071017274,-0.06274712450733243,-0.0014007357405733628,0.025262262353285124,-0.06525093991504248,0.021662980736846957,0.025199667623755122,0.14251216285944918,-0.033456579994091906,0.14251216285944918,0.08385591524160216,0.08385591524160216,0.08385591524160216,0.025199667623755122,0.08385591524160216,0.028424771192708715,0.4322914875913816,0.030064522872575238,-0.026671504997635563,-0.04000869061423928,-0.04888803314687511,-0.04888803314687511,-0.037150575266247605,0.015100546711440137,-0.03751091221313155,-0.03751091221313155,0.17293492348515518,0.06771200563601182,-0.06442386388041076,-0.05568512347266614,0.05414241951949762,8.175078750717729e-05,-0.06688399575654926,0.05511942888326193,0.006955966264820594,0.006955966264820594,0.07668298047396203,0.042469611534926774,-0.03891720040924622,-0.02329872131998394,-0.05840726281318288,0.011809820173214998,-0.024551414300187025,0.09234397166636452,-0.01290061292351911,-0.05188754811227576
CASSLVIGGDTEAFF_TCRBV05_TCRBJ01,-0.032087224129426065,0.062180499347865924,0.077993597340082,-0.0014007357405733628,0.1348762017214516,0.062180499347865924,0.10052630897952619,0.08951711232035914,0.3168453285159564,-0.011239386568545538,0.06808892895396297,0.1520005905802451,1.0,0.023834689716205653,0.37993244537271376,-0.01290061292351911,-0.044635929978918805,0.04479943155393316,0.13423479308678513,-0.04000869061423928,0.04803812537909429,0.21006196047109793,-0.003991490307014156,-0.046802180462636574,-0.035614298595154005,0.0045464934758983585,-0.04237675051120357,-0.04572982095960704,-0.01290061292351911,0.23910008826756302,-0.057510691338377044,0.06771200563601182,0.14861435867748143,0.050272206663992375,0.0016702647240712312,-0.04120749635362074,-0.027244720968166197,0.07260887404215223,-0.036204972810059466,-0.036204972810059466,-0.04382964423750824,0.09075604258285491,0.039591301057914044,-0.04785447860394412,0.10853036209609253,0.10853036209609253,0.4056084675167561,0.03085781780599439,0.06465984872978955,0.23115209459417846,-0.04351885922844779,0.1244405801598531,0.049138754275429554,0.08775166852968064,-0.050903544329799794,0.02155253930633691,-0.03485530280163577,0.0779603814143096,0.02155253930633691,0.02155253930633691,0.35999959195417297,-0.057510691338377044,-0.021924324639177675,0.06507325745399418,-0.03783243599964896,0.012211204605617152,-0.03877756577050943,-0.03877756577050943,-0.03877756577050943,0.06319997498174373,-0.04658413716446338,0.07453544745931266,-0.007746872944812517,0.08546359896122363,0.19223946942430606,-0.04237675051120357,0.2860859573985099,-0.04120749635362074,0.006955966264820594,0.3403466363323232,-0.009523106452089177,-0.06274712450733243,0.030524366346661197,0.19290386122803163,-0.03332583782780792,0.09713846139325005,0.08385591524160216,-0.033456579994091906,0.20116841047729622,0.20116841047729622,-0.033456579994091906,-0.033456579994091906,-0.033456579994091906,0.14251216285944918,-0.033456579994091906,0.10775308671521723,0.13526832033215316,0.2093047845761028,-0.0736580210482206,-0.04000869061423928,-0.04888803314687511,-0.04888803314687511,0.030064522872575238,0.015100546711440137,0.06771200563601182,0.015100546711440137,0.015100546711440137,0.06771200563601182,0.00011799242468939699,-0.05568512347266614,0.023484134346448762,8.175078750717729e-05,-0.06688399575654926,-0.04120749635362074,0.10328289150170326,0.006955966264820594,0.17932308729106783,0.24774982516913835,-0.069284830400484,-0.02329872131998394,-0.05840726281318288,-0.02329872131998394,0.08463251758763657,-0.025675076234339667,-0.05188754811227576,-0.01290061292351911
